%YAML:1.0
---
mtx: !!opencv-matrix
   rows: 3
   cols: 3
   dt: d
   data: [ 1.1457672365463789e+03, 0., 3.2846422641349477e+02, 
           0., 1.1441511989431149e+03, 2.2234824382480852e+02,
           0., 0., 1. ]
dist: !!opencv-matrix
   rows: 1
   cols: 5
   dt: d
   data: [ -2.5602695637449696e-01, -2.3484888650983884e-02,
       -1.3925445020434829e-03, -1.4017677259008934e-03,
       2.1433687507523387e+00 ]
