%YAML:1.0
---
intrinsic: !!opencv-matrix
   rows: 3
   cols: 3
   dt: d
   data: [ 1.6797906789630108e+03, 0., 3.4338859719738360e+02, 0.,
       1.6824337719784851e+03, 2.8921174078050285e+02, 0., 0., 1. ]
distortion: !!opencv-matrix
   rows: 1
   cols: 5
   dt: d
   data: [ -4.2351676313675907e-01, -1.6803721229952155e+00,
       -1.4966636827754406e-03, -2.6708435810999915e-03,
       1.0292008712199836e+01 ]
