%YAML:1.0
---
intrinsic: !!opencv-matrix
   rows: 3
   cols: 3
   dt: d
   data: [ 1.7165109297411905e+03, 0., 3.1960347717849777e+02, 0.,
       1.7199279445536681e+03, 2.6166513174691283e+02, 0., 0., 1. ]
distortion: !!opencv-matrix
   rows: 1
   cols: 5
   dt: d
   data: [ -5.0939645823673085e-01, 1.8051164700726380e-01,
       -1.3579824469181362e-03, 2.6637261948182288e-03,
       2.0160914139377258e+01 ]
