%YAML:1.0
---
R: !!opencv-matrix
   rows: 3
   cols: 3
   dt: d
   data: [ 9.9992866955738591e-01, -2.8541559913341846e-04,
       1.1940449536430201e-02, 9.5479480616899142e-05,
       9.9987351095188493e-01, 1.5904495604065576e-02,
       -1.1943478591476021e-02, -1.5902221061434515e-02,
       9.9980221678312375e-01 ]
T: !!opencv-matrix
   rows: 3
   cols: 1
   dt: d
   data: [ -2.0334592268137172e+01, -3.5451380080721101e-02,
       5.3394721339790756e+00 ]
E: !!opencv-matrix
   rows: 3
   cols: 3
   dt: d
   data: [ -8.6397227088356359e-05, -5.3382329935484352e+00,
       -1.2036597947562688e-01, 5.0962254996475425e+00,
       -3.2488915008023023e-01, 2.0394326124631466e+01,
       3.3507315009770514e-02, -2.0332030283294252e+01,
       -3.2298812792420289e-01 ]
F: !!opencv-matrix
   rows: 3
   cols: 3
   dt: d
   data: [ -4.6771761015805335e-10, -2.8853508701272701e-05,
       7.2503658563144221e-03, 2.7533972531322454e-05,
       -1.7525589531010974e-06, 1.7614277968449285e-01,
       -6.8931658313885714e-03, -1.7895740687623429e-01, 1. ]
