%YAML:1.0
---
mtx: !!opencv-matrix
   rows: 3
   cols: 3
   dt: d
   data: [ 1.7213792394157197e+03, 0., 3.2920098153914046e+02, 0.,
       1.7251383586977570e+03, 2.4237969569972296e+02, 0., 0., 1. ]
dist: !!opencv-matrix
   rows: 1
   cols: 5
   dt: d
   data: [ -5.3375502116767404e-01, -7.5308627697561956e-02,
       2.3752719854151787e-03, 2.2737495310608019e-03,
       2.2610523221123191e+01 ]