%YAML:1.0
---
mtx: !!opencv-matrix
   rows: 3
   cols: 3
   dt: d
   data: [ 7.2953696530100945e+02, 0., 3.5610809805147403e+02, 0.,
       6.9799460171456826e+02, 2.7900675227180500e+02, 0., 0., 1. ]
dist: !!opencv-matrix
   rows: 1
   cols: 5
   dt: d
   data: [ -1.0358832776610608e-01, 1.0143032324281684e+00,
       -1.1421800892456862e-03, 5.6972706533984447e-03,
       -2.1581606993072509e+00 ]
