%YAML:1.0
---
mtx: !!opencv-matrix
   rows: 3
   cols: 3
   dt: d
   data: [ 1.1528523995525125e+03, 0., 3.1171405252474472e+02, 0.,
       1.1517320353830005e+03, 2.4777844253143226e+02, 0., 0., 1. ]
dist: !!opencv-matrix
   rows: 1
   cols: 5
   dt: d
   data: [ -2.5965987245512973e-01, 4.1318252170359726e-01,
       1.0722178604578880e-03, -9.0937701205799344e-05,
       -1.2604470121874787e+00 ]
