%YAML:1.0
---
mtx: !!opencv-matrix
   rows: 3
   cols: 3
   dt: d
   data: [ 1.1495544564555034e+03, 0., 3.2518952226070468e+02, 0.,
       1.1479035906328118e+03, 2.2351565092244945e+02, 0., 0., 1. ]
dist: !!opencv-matrix
   rows: 1
   cols: 5
   dt: d
   data: [ -2.9273700176844641e-01, 9.9700085937579053e-01,
       -1.2507604246608981e-03, -1.4004563460591859e-03,
       -8.4548877743084194e+00 ]
