%YAML:1.0
---
mtx: !!opencv-matrix
   rows: 3
   cols: 3
   dt: d
   data: [ 1.7176077262554440e+03, 0., 3.3551073970454445e+02, 0.,
       1.7202487206511644e+03, 2.4243206078777652e+02, 0., 0., 1. ]
dist: !!opencv-matrix
   rows: 1
   cols: 5
   dt: d
   data: [ -4.7977911869704049e-01, -7.6964707682507416e-01,
       5.7197142587322937e-04, 2.6630890687648508e-04,
       2.8696490515839066e+01 ]