%YAML:1.0
---
R: !!opencv-matrix
   rows: 3
   cols: 3
   dt: d
   data: [ 9.9999891355601400e-01, 3.2499182205987114e-04,
       1.4377993974082853e-03, -3.2501567986279221e-04,
       9.9999994704858342e-01, 1.6359653793919445e-05,
       -1.4377940045210756e-03, -1.6826943368745742e-05,
       9.9999896623209295e-01 ]
T: !!opencv-matrix
   rows: 3
   cols: 1
   dt: d
   data: [ -2.0317333214274118e+01, -1.2088153669590786e-01,
       1.4878675019085161e-01 ]
E: !!opencv-matrix
   rows: 3
   cols: 3
   dt: d
   data: [ 2.2216077548652580e-04, -1.4878470824561010e-01,
       -1.2088384583217690e-01, 1.1957444865904142e-01,
       -2.9352413835763571e-04, 2.0317526136366851e+01,
       1.2748485723252548e-01, -2.0317292852931679e+01,
       -1.5858113678206127e-04 ]
F: !!opencv-matrix
   rows: 3
   cols: 3
   dt: d
   data: [ 1.2459225920736748e-08, -8.3313372960655849e-06,
       -9.6287651857125626e-03, 6.6913645972244411e-06,
       -1.6400340712407080e-08, 1.9506189931773772e+00,
       1.0681235671788676e-02, -1.9556417090105125e+00, 1. ]
