%YAML:1.0
---
Cam_Mat: !!opencv-matrix
   rows: 3
   cols: 3
   dt: d
   data: [ 825.0900600547, 0., 331.6538103208, 0.,
       824.2672147458, 252.9284287373, 0., 0., 1. ]
Distortion: !!opencv-matrix
   rows: 1
   cols: 5
   dt: d
   data: [ -0.2380769337, 0.0931325835,
       0.0003242537, -0.0021901930, 0.4641735616 ]