%YAML:1.0
---
Cam_Mat: !!opencv-matrix
   rows: 3
   cols: 3
   dt: d
   data: [ 1.721137e+03, 0., 3.20e+02, 0.,
       1.725138e+03, 2.40e+02, 0., 0., 1. ]
Distortion: !!opencv-matrix
   rows: 1
   cols: 5
   dt: d
   data: [ -5.3375502116767404e-01, -7.5308627697561956e-02,
       2.3752719854151787e-03, 2.2737495310608019e-03,
       2.2610523221123191e+01 ]